version https://git-lfs.github.com/spec/v1
oid sha256:0947aec5dd2bafeaaaeb5a421da615d4b5621b6156a946d682088fa48db77c5d
size 51452
